%YAML:1.0
---
K: !!opencv-matrix
   rows: 3
   cols: 3
   dt: d
   data: [ 7.8539898709263662e+02, 0., 6.8190185877804595e+02, 0.,
       7.8578734528514303e+02, 4.0068071987618282e+02, 0., 0., 1. ]
D: !!opencv-matrix
   rows: 1
   cols: 5
   dt: d
   data: [ -3.5993534807491734e-01, 1.9212293698760813e-01,
       5.3232206942197876e-05, -7.7686398691381207e-06,
       -6.6699988303981925e-02 ]
